P3
# P3 le indica al S.O. que tipo de archivo es. 
# Imagen Creada por Harold Aguilar Mejia
# Tamaño píxel 22 x 22 
# Relación aspecto 1:1
# Profundidad a color, originalmente la imagen solo utiliza 6 colores, lo que correspondería a 4 bits para poder representar dichos colores,
# 	sin embargo el formato solo acepta P1 para blanco y negro, P2 para escala de grises y P3 para el uso de RGB, por lo que se implemento este ultimo.
22 22
# 22 22 le indica al archivo el número de columnas y filas a utilizar.
255
# 255 le indica al archivo el máximo valor de cada componente RGB.
# A continuación se indican los colores utilizados y su respectivo valor en RGB.
# Blanco : 255 255 255
# Negro : 0 0 0
# Azul: 0 255 255 
# Amarillo : 255 255 0 
# Cafe : 115 62 9 
# Morado : 76 40 130
# A continuaciónse especifican, por filas, los tres valores de cada componenteRGB(Red,Green,Blue) de cada pixel, que estarán comprendidos en un rango
#	de valores entre cero (0) y el máximo valor especificado anteriormente (usualmente255).
255 255 255 255 255 255 255 255 255 255 255 255 255 255 255 255 255 255 255 255 255 255 255 255 255 255 255 255 255 255 255 255 255 255 255 255 255 255 255 255 255 255 255 255 255 255 255 255 255 255 255 255 255 255 255 255 255 255 255 255 255 255 255 255 255 255 
255 255 255 255 255 255 255 255 255 255 255 255 255 255 255 255 255 255 255 255 255 255 255 255 255 255 255 255 255 255 255 255 255 255 255 255 255 255 255 255 255 255 255 255 255 255 255 255 255 255 255 255 255 255 255 255 255 255 255 255 255 255 255 255 255 255 
255 255 255 255 255 255 255 255 255 255 255 255 255 255 255 255 255 255 255 255 255 255 255 255 255 255 255 255 255 255 255 255 255 255 255 255 255 255 255 255 255 255 255 255 255 255 255 255 255 255 255 255 255 255 255 255 255 255 255 255 255 255 255 255 255 255 
255 255 255 255 255 255 255 255 255 255 255 255 0 0 0 0 0 0 0 0 0 0 0 0 255 255 255 255 255 255 255 255 255 255 255 255 255 255 255 255 255 255 255 255 255 255 255 255 255 255 255 0 0 0 0 0 0 0 0 0 255 255 255 255 255 255 
255 255 255 255 255 255 255 255 255 0 0 0 0 255 255 0 255 255 0 255 255 0 255 255 0 0 0 0 0 0 255 255 255 255 255 255 255 255 255 255 255 255 255 255 255 255 255 255 0 0 0 0 255 255 0 255 255 0 255 255 0 0 0 255 255 255 
255 255 255 255 255 255 0 0 0 0 255 255 0 255 255 0 255 255 0 255 255 0 255 255 0 255 255 0 255 255 0 0 0 0 0 0 255 255 255 255 255 255 255 255 255 0 0 0 0 255 255 0 255 255 0 255 255 0 255 255 0 255 255 0 0 0 
255 255 255 255 255 255 0 0 0 0 255 255 0 255 255 0 255 255 0 255 255 0 255 255 0 255 255 0 255 255 0 0 0 115 62 9 0 0 0 0 0 0 255 255 255 0 0 0 0 255 255 0 255 255 0 255 255 0 0 0 0 255 255 0 0 0 
255 255 255 0 0 0 0 255 255 0 255 255 0 255 255 0 255 255 0 255 255 0 255 255 0 255 255 0 255 255 115 62 9 115 62 9 115 62 9 0 0 0 0 255 255 0 255 255 0 255 255 0 0 0 0 255 255 0 255 255 0 0 0 
255 255 255 0 0 0 0 255 255 0 255 255 0 255 255 0 255 255 255 255 255 0 0 0 0 255 255 0 255 255 0 255 255 0 255 255 115 62 9 115 62 9 115 62 9 0 0 0 0 255 255 0 255 255 0 0 0 0 255 255 0 0 0 255 255 255  
255 255 255 0 0 0 0 255 255 0 255 255 0 255 255 0 255 255 0 0 0 76 40 130 0 255 255 0 255 255 0 255 255 255 255 255 115 62 9 115 62 9 115 62 9 0 0 0 0 255 255 0 0 0 0 0 0 0 0 0 255 255 255 255 255 255
255 255 255 255 255 255 0 0 0 0 255 255 0 255 255 0 255 255 0 0 0 76 40 130 0 255 255 0 255 255 0 255 255 0 0 0 255 255 255 115 62 9 115 62 9 115 62 9 0 0 0 255 255 255 255 255 255 255 255 255 255 255 255 255 255 255
255 255 255 255 255 255 255 255 255 0 0 0 0 0 0 0 255 255 0 255 255 0 255 255 0 255 255 0 0 0 0 0 0 0 255 255 0 255 255 255 255 255 115 62 9 115 62 9 0 0 0 255 255 255 255 255 255 255 255 255 255 255 255 255 255 255
255 255 255 255 255 255 255 255 255 0 0 0 0 255 255 0 0 0 0 0 0 0 0 0 0 0 0 0 255 255 0 255 255 0 255 255 0 255 255 255 255 255 115 62 9 115 62 9 0 0 0 255 255 255 255 255 255 255 255 255 255 255 255 255 255 255
255 255 255 255 255 255 255 255 255 255 255 255 0 0 0 0 0 0 255 255 0 255 255 0 0 0 0 0 255 255 0 255 255 0 255 255 0 0 0 255 255 255 115 62 9 115 62 9 0 0 0  255 255 255 255 255 255 255 255 255 255 255 255 255 255 255
255 255 255 255 255 255 255 255 255 255 255 255 255 255 255 255 255 255 0 0 0 255 255 0 255 255 0 0 0 0 0 0 0 0 0 0 0 0 0 0 255 255 115 62 9 115 62 9 0 0 0 255 255 255 255 255 255 255 255 255 255 255 255 255 255 255
255 255 255 255 255 255 255 255 255 255 255 255 255 255 255 0 0 0 0 255 255 0 0 0 255 255 0 255 255 0 255 255 0 255 255 0 255 255 0 0 0 0 0 255 255 0 0 0 255 255 255 255 255 255 255 255 255 255 255 255 255 255 255 255 255 255
255 255 255 255 255 255 255 255 255 255 255 255 255 255 255 255 255 255 0 0 0 0 0 0 0 0 0 0 0 0 255 255 0 255 255 0 0 255 255 0 0 0 0 255 255 0 0 0 255 255 255 255 255 255 255 255 255 255 255 255 255 255 255 255 255 255
255 255 255 255 255 255 255 255 255 255 255 255 255 255 255 255 255 255 255 255 255 255 255 255 255 255 255 0 0 0 0 0 0 0 0 0 0 255 255 0 0 0 0 0 0 255 255 255 255 255 255 255 255 255 255 255 255 255 255 255 255 255 255 255 255 255
255 255 255 255 255 255 255 255 255 255 255 255 255 255 255 255 255 255 255 255 255 255 255 255 255 255 255 255 255 255  0 0 0 0 255 255 0 255 255 0 255 255 0 0 0 255 255 255 255 255 255 255 255 255 255 255 255 255 255 255 255 255 255 255 255 255
255 255 255 255 255 255 255 255 255 255 255 255 255 255 255 255 255 255 255 255 255 255 255 255 255 255 255 255 255 255 255 255 255  0 0 0 0 0 0 0 0 0 255 255 255 255 255 255 255 255 255 255 255 255 255 255 255 255 255 255 255 255 255 255 255 255 
255 255 255 255 255 255 255 255 255 255 255 255 255 255 255 255 255 255 255 255 255 255 255 255 255 255 255 255 255 255 255 255 255 255 255 255 255 255 255 255 255 255 255 255 255 255 255 255 255 255 255 255 255 255 255 255 255 255 255 255 255 255 255 255 255 255
255 255 255 255 255 255 255 255 255 255 255 255 255 255 255 255 255 255 255 255 255 255 255 255 255 255 255 255 255 255 255 255 255 255 255 255 255 255 255 255 255 255 255 255 255 255 255 255 255 255 255 255 255 255 255 255 255 255 255 255 255 255 255 255 255 255 255 255 255